# ZZ, ZT, RHO, THBAR, PBAR, PIBAR, QVBAR, Q1LS, Q2LS, RHOZ
0.000000000000000000e+00 0.000000000000000000e+00 1.143999999999999906e+00 3.012459999999999809e+02 1.000000000000000000e+05 1.000000000000000000e+00 1.789999999999999925e-02 0.000000000000000000e+00 0.000000000000000000e+00 1.143999999999999906e+00
2.000000000000000000e+02 1.000000000000000000e+02 1.135000000000000009e+00 3.012880000000000109e+02 9.888267200000000594e+04 9.969999999999999973e-01 1.770000000000000046e-02 -2.830000000000000010e-06 6.980000000000000298e-09 1.125000000000000000e+00
4.000000000000000000e+02 3.000000000000000000e+02 1.116000000000000103e+00 3.015260000000000105e+02 9.667531200000000536e+04 9.899999999999999911e-01 1.710000000000000062e-02 -9.789999999999999441e-06 1.260000000000000033e-08 1.106000000000000094e+00
6.000000000000000000e+02 5.000000000000000000e+02 1.096999999999999975e+00 3.021259999999999764e+02 9.450539100000000326e+04 9.839999999999999858e-01 1.619999999999999912e-02 -1.669999999999999935e-05 1.809999999999999995e-08 1.086000000000000076e+00
8.000000000000000000e+02 7.000000000000000000e+02 1.076000000000000068e+00 3.030760000000000218e+02 9.237455499999999302e+04 9.779999999999999805e-01 1.499999999999999944e-02 -2.220000000000000090e-05 2.080000000000000096e-08 1.066000000000000059e+00
1.000000000000000000e+03 9.000000000000000000e+02 1.056999999999999940e+00 3.039150000000000205e+02 9.028300800000000163e+04 9.709999999999999742e-01 1.400000000000000029e-02 -2.760000000000000002e-05 2.340000000000000109e-08 1.046999999999999931e+00
1.200000000000000000e+03 1.100000000000000000e+03 1.036999999999999922e+00 3.048380000000000223e+02 8.823008599999999569e+04 9.649999999999999689e-01 1.280000000000000061e-02 -3.199999999999999855e-05 2.469999999999999949e-08 1.026999999999999913e+00
1.400000000000000000e+03 1.300000000000000000e+03 1.016999999999999904e+00 3.058129999999999882e+02 8.621558599999999569e+04 9.589999999999999636e-01 1.170000000000000033e-02 -3.550000000000000231e-05 2.509999999999999976e-08 1.008000000000000007e+00
1.600000000000000000e+03 1.500000000000000000e+03 9.979999999999999982e-01 3.068299999999999841e+02 8.423925000000000000e+04 9.519999999999999574e-01 1.069999999999999944e-02 -3.899999999999999929e-05 2.539999999999999914e-08 9.879999999999999893e-01
1.800000000000000000e+03 1.700000000000000000e+03 9.789999999999999813e-01 3.078829999999999814e+02 8.230076600000000326e+04 9.459999999999999520e-01 9.650000000000000591e-03 -4.130000000000000099e-05 2.520000000000000066e-08 9.689999999999999725e-01
2.000000000000000000e+03 1.900000000000000000e+03 9.599999999999999645e-01 3.089730000000000132e+02 8.039985199999999895e+04 9.399999999999999467e-01 8.770000000000000018e-03 -4.319999999999999974e-05 2.469999999999999949e-08 9.499999999999999556e-01
2.200000000000000000e+03 2.100000000000000000e+03 9.409999999999999476e-01 3.100699999999999932e+02 7.853613300000000163e+04 9.330000000000000515e-01 8.009999999999999759e-03 -4.500000000000000283e-05 2.420000000000000163e-08 9.320000000000000506e-01
2.400000000000000000e+03 2.300000000000000000e+03 9.220000000000000417e-01 3.111569999999999823e+02 7.670907799999999406e+04 9.270000000000000462e-01 7.340000000000000170e-03 -4.660000000000000107e-05 2.359999999999999957e-08 9.130000000000000338e-01
2.600000000000000000e+03 2.500000000000000000e+03 9.040000000000000258e-01 3.122259999999999991e+02 7.491807000000000698e+04 9.210000000000000409e-01 6.749999999999999924e-03 -4.770000000000000070e-05 2.289999999999999992e-08 8.950000000000000178e-01
2.800000000000000000e+03 2.700000000000000000e+03 8.860000000000000098e-01 3.131870000000000118e+02 7.316226600000000326e+04 9.150000000000000355e-01 6.329999999999999689e-03 -4.880000000000000033e-05 2.220000000000000027e-08 8.780000000000000027e-01
3.000000000000000000e+03 2.900000000000000000e+03 8.689999999999999947e-01 3.141560000000000059e+02 7.144089100000000326e+04 9.080000000000000293e-01 5.910000000000000323e-03 -4.989999999999999997e-05 2.150000000000000062e-08 8.599999999999999867e-01
3.200000000000000000e+03 3.100000000000000000e+03 8.519999999999999796e-01 3.151120000000000232e+02 6.975335899999999674e+04 9.020000000000000240e-01 5.510000000000000141e-03 -5.089999999999999717e-05 2.070000000000000007e-08 8.439999999999999725e-01
3.400000000000000000e+03 3.300000000000000000e+03 8.349999999999999645e-01 3.159580000000000268e+02 6.809882799999999406e+04 8.960000000000000187e-01 5.190000000000000169e-03 -5.160000000000000063e-05 2.000000000000000042e-08 8.269999999999999574e-01
3.600000000000000000e+03 3.500000000000000000e+03 8.189999999999999503e-01 3.168109999999999786e+02 6.647653100000000268e+04 8.900000000000000133e-01 4.870000000000000197e-03 -5.239999999999999975e-05 1.919999999999999987e-08 8.110000000000000542e-01
3.800000000000000000e+03 3.700000000000000000e+03 8.030000000000000471e-01 3.176659999999999968e+02 6.488598799999999756e+04 8.840000000000000080e-01 4.550000000000000225e-03 -5.319999999999999886e-05 1.839999999999999933e-08 7.950000000000000400e-01
4.000000000000000000e+03 3.900000000000000000e+03 7.870000000000000329e-01 3.184900000000000091e+02 6.332661699999999837e+04 8.780000000000000027e-01 4.270000000000000358e-03 -5.390000000000000233e-05 1.769999999999999968e-08 7.790000000000000258e-01
4.200000000000000000e+03 4.100000000000000000e+03 7.720000000000000195e-01 3.193199999999999932e+02 6.179787500000000000e+04 8.719999999999999973e-01 3.980000000000000031e-03 -5.429999999999999850e-05 1.700000000000000002e-08 7.640000000000000124e-01
4.400000000000000000e+03 4.300000000000000000e+03 7.570000000000000062e-01 3.201560000000000059e+02 6.029929299999999785e+04 8.649999999999999911e-01 3.690000000000000138e-03 -5.459999999999999901e-05 1.630000000000000037e-08 7.489999999999999991e-01
4.600000000000000000e+03 4.500000000000000000e+03 7.409999999999999920e-01 3.211200000000000045e+02 5.883070700000000215e+04 8.589999999999999858e-01 3.449999999999999942e-03 -5.489999999999999953e-05 1.570000000000000162e-08 7.339999999999999858e-01
4.800000000000000000e+03 4.700000000000000000e+03 7.259999999999999787e-01 3.221220000000000141e+02 5.739201200000000244e+04 8.529999999999999805e-01 3.210000000000000180e-03 -5.520000000000000004e-05 1.499999999999999866e-08 7.179999999999999716e-01
5.000000000000000000e+03 4.900000000000000000e+03 7.109999999999999654e-01 3.231320000000000050e+02 5.598279299999999785e+04 8.469999999999999751e-01 2.969999999999999984e-03 -5.539999999999999813e-05 1.439999999999999990e-08 7.039999999999999591e-01
5.200000000000000000e+03 5.100000000000000000e+03 6.959999999999999520e-01 3.241460000000000150e+02 5.460256199999999808e+04 8.409999999999999698e-01 2.749999999999999840e-03 -5.500000000000000196e-05 1.379999999999999949e-08 6.889999999999999458e-01
5.400000000000000000e+03 5.300000000000000000e+03 6.820000000000000506e-01 3.251600000000000250e+02 5.325083600000000297e+04 8.349999999999999645e-01 2.560000000000000209e-03 -5.470000000000000144e-05 1.329999999999999998e-08 6.750000000000000444e-01
5.600000000000000000e+03 5.500000000000000000e+03 6.680000000000000382e-01 3.261820000000000164e+02 5.192714499999999680e+04 8.289999999999999591e-01 2.370000000000000145e-03 -5.440000000000000093e-05 1.269999999999999957e-08 6.610000000000000320e-01
5.800000000000000000e+03 5.700000000000000000e+03 6.540000000000000258e-01 3.272110000000000127e+02 5.063101600000000326e+04 8.229999999999999538e-01 2.180000000000000080e-03 -5.410000000000000041e-05 1.220000000000000006e-08 6.470000000000000195e-01
6.000000000000000000e+03 5.900000000000000000e+03 6.400000000000000133e-01 3.281999999999999886e+02 4.936191000000000349e+04 8.169999999999999485e-01 2.010000000000000068e-03 -5.379999999999999989e-05 1.159999999999999965e-08 6.340000000000000080e-01
6.200000000000000000e+03 6.100000000000000000e+03 6.270000000000000018e-01 3.291499999999999773e+02 4.811921499999999651e+04 8.110000000000000542e-01 1.860000000000000108e-03 -5.310000000000000321e-05 1.110000000000000013e-08 6.199999999999999956e-01
6.400000000000000000e+03 6.300000000000000000e+03 6.139999999999999902e-01 3.301070000000000277e+02 4.690241799999999785e+04 8.050000000000000488e-01 1.709999999999999932e-03 -5.239999999999999975e-05 1.049999999999999972e-08 6.069999999999999840e-01
6.600000000000000000e+03 6.500000000000000000e+03 6.009999999999999787e-01 3.310710000000000264e+02 4.571108999999999651e+04 8.000000000000000444e-01 1.559999999999999972e-03 -5.179999999999999871e-05 1.000000000000000021e-08 5.949999999999999734e-01
6.800000000000000000e+03 6.700000000000000000e+03 5.879999999999999671e-01 3.320120000000000005e+02 4.454476200000000244e+04 7.940000000000000391e-01 1.430000000000000064e-03 -5.119999999999999768e-05 9.489999999999999282e-09 5.819999999999999618e-01
7.000000000000000000e+03 6.900000000000000000e+03 5.759999999999999565e-01 3.329130000000000109e+02 4.340290600000000268e+04 7.880000000000000338e-01 1.319999999999999993e-03 -5.050000000000000100e-05 8.980000000000000009e-09 5.699999999999999512e-01
7.200000000000000000e+03 7.100000000000000000e+03 5.639999999999999458e-01 3.338210000000000264e+02 4.228505099999999948e+04 7.820000000000000284e-01 1.209999999999999921e-03 -4.970000000000000188e-05 8.490000000000000254e-09 5.580000000000000515e-01
7.400000000000000000e+03 7.300000000000000000e+03 5.520000000000000462e-01 3.347350000000000136e+02 4.119080099999999948e+04 7.760000000000000231e-01 1.110000000000000092e-03 -4.869999999999999790e-05 8.020000000000000016e-09 5.460000000000000409e-01
7.600000000000000000e+03 7.500000000000000000e+03 5.400000000000000355e-01 3.356569999999999823e+02 4.011977300000000105e+04 7.700000000000000178e-01 9.959999999999999236e-04 -4.770000000000000070e-05 7.549999999999999777e-09 5.340000000000000302e-01
7.800000000000000000e+03 7.700000000000000000e+03 5.290000000000000258e-01 3.364959999999999809e+02 3.907145300000000134e+04 7.640000000000000124e-01 9.200000000000000278e-04 -4.669999999999999672e-05 7.099999999999999884e-09 5.230000000000000204e-01
8.000000000000000000e+03 7.900000000000000000e+03 5.180000000000000160e-01 3.373299999999999841e+02 3.804532800000000134e+04 7.590000000000000080e-01 8.480000000000000124e-04 -4.580000000000000195e-05 6.649999999999999990e-09 5.120000000000000107e-01
8.200000000000000000e+03 8.100000000000000000e+03 5.070000000000000062e-01 3.381700000000000159e+02 3.704102700000000186e+04 7.530000000000000027e-01 7.759999999999999971e-04 -4.479999999999999797e-05 6.219999999999999614e-09 5.010000000000000009e-01
8.400000000000000000e+03 8.300000000000000000e+03 4.959999999999999964e-01 3.390169999999999959e+02 3.605819099999999889e+04 7.469999999999999973e-01 7.039999999999999817e-04 -4.300000000000000165e-05 5.799999999999999824e-09 4.899999999999999911e-01
8.600000000000000000e+03 8.500000000000000000e+03 4.849999999999999867e-01 3.398700000000000045e+02 3.509647699999999895e+04 7.409999999999999920e-01 6.319999999999999663e-04 -4.119999999999999856e-05 5.400000000000000378e-09 4.799999999999999822e-01
8.800000000000000000e+03 8.700000000000000000e+03 4.749999999999999778e-01 3.405609999999999786e+02 3.415530900000000111e+04 7.359999999999999876e-01 5.820000000000000520e-04 -3.949999999999999789e-05 5.000000000000000105e-09 4.699999999999999734e-01
9.000000000000000000e+03 8.900000000000000000e+03 4.650000000000000244e-01 3.412389999999999759e+02 3.323411299999999756e+04 7.299999999999999822e-01 5.349999999999999938e-04 -3.770000000000000158e-05 4.609999999999999590e-09 4.600000000000000200e-01
9.200000000000000000e+03 9.100000000000000000e+03 4.550000000000000155e-01 3.419209999999999923e+02 3.233256100000000151e+04 7.239999999999999769e-01 4.870000000000000197e-04 -3.600000000000000091e-05 4.229999999999999662e-09 4.500000000000000111e-01
9.400000000000000000e+03 9.300000000000000000e+03 4.450000000000000067e-01 3.426089999999999804e+02 3.145033799999999974e+04 7.189999999999999725e-01 4.400000000000000157e-04 -3.410000000000000216e-05 3.870000000000000078e-09 4.400000000000000022e-01
9.600000000000000000e+03 9.500000000000000000e+03 4.349999999999999978e-01 3.433029999999999973e+02 3.058714500000000044e+04 7.129999999999999671e-01 3.930000000000000117e-04 -3.180000000000000047e-05 3.530000000000000011e-09 4.309999999999999942e-01
9.800000000000000000e+03 9.700000000000000000e+03 4.259999999999999898e-01 3.439619999999999891e+02 2.974263300000000163e+04 7.069999999999999618e-01 3.510000000000000208e-04 -2.949999999999999877e-05 3.200000000000000117e-09 4.209999999999999853e-01
1.000000000000000000e+04 9.900000000000000000e+03 4.169999999999999818e-01 3.445360000000000014e+02 2.891635900000000038e+04 7.009999999999999565e-01 3.209999999999999963e-04 -2.720000000000000046e-05 2.879999999999999981e-09 4.119999999999999774e-01
1.020000000000000000e+04 1.010000000000000000e+04 4.079999999999999738e-01 3.451139999999999759e+02 2.810793600000000151e+04 6.959999999999999520e-01 2.900000000000000017e-04 -2.489999999999999877e-05 2.570000000000000017e-09 4.030000000000000249e-01
1.040000000000000000e+04 1.030000000000000000e+04 3.990000000000000213e-01 3.456970000000000027e+02 2.731709000000000015e+04 6.899999999999999467e-01 2.599999999999999772e-04 -2.269999999999999950e-05 2.260000000000000054e-09 3.940000000000000169e-01
1.060000000000000000e+04 1.050000000000000000e+04 3.900000000000000133e-01 3.462850000000000250e+02 2.654354899999999907e+04 6.850000000000000533e-01 2.300000000000000070e-04 -2.059999999999999928e-05 1.989999999999999952e-09 3.860000000000000098e-01
1.080000000000000000e+04 1.070000000000000000e+04 3.810000000000000053e-01 3.468779999999999859e+02 2.578704699999999866e+04 6.790000000000000480e-01 2.000000000000000096e-04 -1.879999999999999957e-05 1.759999999999999919e-09 3.770000000000000018e-01
1.100000000000000000e+04 1.090000000000000000e+04 3.729999999999999982e-01 3.474759999999999991e+02 2.504731200000000172e+04 6.730000000000000426e-01 1.700000000000000122e-04 -1.709999999999999891e-05 1.540000000000000059e-09 3.689999999999999947e-01
1.120000000000000000e+04 1.110000000000000000e+04 3.649999999999999911e-01 3.479789999999999850e+02 2.432398600000000079e+04 6.680000000000000382e-01 1.499999999999999869e-04 -1.529999999999999920e-05 1.319999999999999991e-09 3.609999999999999876e-01
1.140000000000000000e+04 1.130000000000000000e+04 3.569999999999999840e-01 3.484789999999999850e+02 2.361670699999999852e+04 6.620000000000000329e-01 1.310000000000000129e-04 -1.360000000000000023e-05 1.110000000000000096e-09 3.529999999999999805e-01
1.160000000000000000e+04 1.150000000000000000e+04 3.489999999999999769e-01 3.489830000000000041e+02 2.292521700000000055e+04 6.560000000000000275e-01 1.129999999999999955e-04 -1.189999999999999957e-05 9.049999999999999767e-10 3.449999999999999734e-01
1.180000000000000000e+04 1.170000000000000000e+04 3.410000000000000253e-01 3.494780000000000086e+02 2.224926199999999881e+04 6.510000000000000231e-01 9.660000000000000346e-05 -1.069999999999999920e-05 7.619999999999999536e-10 3.370000000000000218e-01
1.200000000000000000e+04 1.190000000000000000e+04 3.330000000000000182e-01 3.499529999999999745e+02 2.158856599999999889e+04 6.450000000000000178e-01 8.469999999999999881e-05 -9.720000000000000111e-06 6.510000000000000267e-10 3.290000000000000147e-01
1.220000000000000000e+04 1.210000000000000000e+04 3.250000000000000111e-01 3.504320000000000164e+02 2.094286899999999878e+04 6.400000000000000133e-01 7.289999999999999660e-05 -8.770000000000000736e-06 5.439999999999999826e-10 3.220000000000000084e-01
1.240000000000000000e+04 1.230000000000000000e+04 3.180000000000000049e-01 3.509150000000000205e+02 2.031193899999999849e+04 6.340000000000000080e-01 6.109999999999999438e-05 -7.829999999999999572e-06 4.379999999999999867e-10 3.140000000000000013e-01
1.260000000000000000e+04 1.250000000000000000e+04 3.109999999999999987e-01 3.513940000000000055e+02 1.969553499999999985e+04 6.290000000000000036e-01 5.190000000000000115e-05 -6.890000000000000101e-06 3.349999999999999805e-10 3.069999999999999951e-01
1.280000000000000000e+04 1.270000000000000000e+04 3.029999999999999916e-01 3.518679999999999950e+02 1.909341400000000067e+04 6.229999999999999982e-01 4.539999999999999900e-05 -5.969999999999999592e-06 2.350000000000000157e-10 2.999999999999999889e-01
1.300000000000000000e+04 1.290000000000000000e+04 2.959999999999999853e-01 3.523460000000000036e+02 1.850534200000000055e+04 6.169999999999999929e-01 3.899999999999999929e-05 -5.339999999999999695e-06 1.979999999999999883e-10 2.929999999999999827e-01
1.320000000000000000e+04 1.310000000000000000e+04 2.889999999999999791e-01 3.528279999999999745e+02 1.793109400000000096e+04 6.119999999999999885e-01 3.259999999999999958e-05 -4.719999999999999702e-06 1.630000000000000058e-10 2.859999999999999765e-01
1.340000000000000000e+04 1.330000000000000000e+04 2.819999999999999729e-01 3.533210000000000264e+02 1.737045300000000134e+04 6.059999999999999831e-01 2.689999999999999995e-05 -4.099999999999999709e-06 1.299999999999999905e-10 2.790000000000000258e-01
1.360000000000000000e+04 1.350000000000000000e+04 2.760000000000000231e-01 3.538380000000000223e+02 1.682321700000000055e+04 6.009999999999999787e-01 2.370000000000000009e-05 -3.490000000000000043e-06 9.669999999999999953e-11 2.720000000000000195e-01
1.380000000000000000e+04 1.370000000000000000e+04 2.690000000000000169e-01 3.543600000000000136e+02 1.628918200000000070e+04 5.949999999999999734e-01 2.059999999999999928e-05 -2.879999999999999954e-06 6.449999999999999699e-11 2.660000000000000142e-01
1.400000000000000000e+04 1.390000000000000000e+04 2.620000000000000107e-01 3.548860000000000241e+02 1.576812700000000041e+04 5.899999999999999689e-01 1.749999999999999847e-05 -2.389999999999999987e-06 4.260000000000000023e-11 2.590000000000000080e-01
1.420000000000000000e+04 1.410000000000000000e+04 2.560000000000000053e-01 3.554180000000000064e+02 1.525983599999999933e+04 5.839999999999999636e-01 1.439999999999999935e-05 -2.020000000000000142e-06 3.359999999999999900e-11 2.530000000000000027e-01
1.440000000000000000e+04 1.430000000000000000e+04 2.500000000000000000e-01 3.560620000000000118e+02 1.476416599999999926e+04 5.789999999999999591e-01 1.209999999999999935e-05 -1.670000000000000104e-06 2.480000000000000096e-11 2.459999999999999964e-01
1.460000000000000000e+04 1.450000000000000000e+04 2.429999999999999938e-01 3.568319999999999936e+02 1.428105199999999968e+04 5.729999999999999538e-01 1.069999999999999920e-05 -1.309999999999999951e-06 1.630000000000000123e-11 2.399999999999999911e-01
1.480000000000000000e+04 1.470000000000000000e+04 2.369999999999999885e-01 3.576089999999999804e+02 1.381034499999999935e+04 5.679999999999999494e-01 9.370000000000000074e-06 -9.599999999999999142e-07 7.959999999999999202e-12 2.340000000000000135e-01
1.500000000000000000e+04 1.490000000000000000e+04 2.310000000000000109e-01 3.583940000000000055e+02 1.335181400000000031e+04 5.620000000000000551e-01 8.009999999999999542e-06 -6.160000000000000102e-07 0.000000000000000000e+00 2.280000000000000082e-01
1.520000000000000000e+04 1.510000000000000000e+04 2.250000000000000056e-01 3.591859999999999786e+02 1.290523300000000017e+04 5.570000000000000506e-01 6.659999999999999762e-06 0.000000000000000000e+00 0.000000000000000000e+00 2.220000000000000029e-01
1.540000000000000000e+04 1.530000000000000000e+04 2.190000000000000002e-01 3.600360000000000014e+02 1.247040600000000086e+04 5.520000000000000462e-01 5.370000000000000255e-06 0.000000000000000000e+00 0.000000000000000000e+00 2.159999999999999976e-01
1.560000000000000000e+04 1.550000000000000000e+04 2.119999999999999940e-01 3.616120000000000232e+02 1.204755299999999988e+04 5.460000000000000409e-01 4.930000000000000232e-06 0.000000000000000000e+00 0.000000000000000000e+00 2.089999999999999913e-01
1.580000000000000000e+04 1.570000000000000000e+04 2.059999999999999887e-01 3.632040000000000077e+02 1.163682200000000012e+04 5.410000000000000364e-01 4.500000000000000114e-06 0.000000000000000000e+00 0.000000000000000000e+00 2.030000000000000138e-01
1.600000000000000000e+04 1.590000000000000000e+04 2.000000000000000111e-01 3.648120000000000118e+02 1.123793100000000049e+04 5.350000000000000311e-01 4.069999999999999996e-06 0.000000000000000000e+00 0.000000000000000000e+00 1.970000000000000084e-01
1.620000000000000000e+04 1.610000000000000000e+04 1.950000000000000067e-01 3.664359999999999786e+02 1.085060000000000036e+04 5.300000000000000266e-01 3.639999999999999878e-06 0.000000000000000000e+00 0.000000000000000000e+00 1.920000000000000040e-01
1.640000000000000000e+04 1.630000000000000000e+04 1.890000000000000013e-01 3.680760000000000218e+02 1.047455600000000049e+04 5.250000000000000222e-01 3.210000000000000183e-06 0.000000000000000000e+00 0.000000000000000000e+00 1.859999999999999987e-01
1.660000000000000000e+04 1.650000000000000000e+04 1.829999999999999960e-01 3.697330000000000041e+02 1.010953199999999924e+04 5.200000000000000178e-01 2.770000000000000161e-06 0.000000000000000000e+00 0.000000000000000000e+00 1.799999999999999933e-01
1.680000000000000000e+04 1.670000000000000000e+04 1.769999999999999907e-01 3.732350000000000136e+02 9.756120999999999185e+03 5.140000000000000124e-01 2.609999999999999998e-06 0.000000000000000000e+00 0.000000000000000000e+00 1.739999999999999880e-01
1.700000000000000000e+04 1.690000000000000000e+04 1.710000000000000131e-01 3.776019999999999754e+02 9.415186999999999898e+03 5.090000000000000080e-01 2.569999999999999958e-06 0.000000000000000000e+00 0.000000000000000000e+00 1.670000000000000095e-01
1.720000000000000000e+04 1.710000000000000000e+04 1.640000000000000069e-01 3.820129999999999768e+02 9.086638999999999214e+03 5.040000000000000036e-01 2.529999999999999917e-06 0.000000000000000000e+00 0.000000000000000000e+00 1.610000000000000042e-01
1.740000000000000000e+04 1.730000000000000000e+04 1.580000000000000016e-01 3.864700000000000273e+02 8.770012000000000626e+03 4.989999999999999991e-01 2.489999999999999877e-06 0.000000000000000000e+00 0.000000000000000000e+00 1.559999999999999998e-01
1.760000000000000000e+04 1.750000000000000000e+04 1.529999999999999971e-01 3.909710000000000036e+02 8.464855999999999767e+03 4.939999999999999947e-01 2.449999999999999836e-06 0.000000000000000000e+00 0.000000000000000000e+00 1.499999999999999944e-01
1.780000000000000000e+04 1.770000000000000000e+04 1.469999999999999918e-01 3.955190000000000055e+02 8.170742000000000189e+03 4.889999999999999902e-01 2.420000000000000123e-06 0.000000000000000000e+00 0.000000000000000000e+00 1.449999999999999900e-01
1.800000000000000000e+04 1.790000000000000000e+04 1.419999999999999873e-01 4.001120000000000232e+02 7.887252000000000407e+03 4.839999999999999858e-01 2.380000000000000083e-06 0.000000000000000000e+00 0.000000000000000000e+00 1.390000000000000124e-01
1.820000000000000000e+04 1.810000000000000000e+04 1.370000000000000107e-01 4.047520000000000095e+02 7.613988999999999578e+03 4.789999999999999813e-01 2.340000000000000042e-06 0.000000000000000000e+00 0.000000000000000000e+00 1.340000000000000080e-01
1.840000000000000000e+04 1.830000000000000000e+04 1.320000000000000062e-01 4.094390000000000214e+02 7.350569999999999709e+03 4.739999999999999769e-01 2.300000000000000002e-06 0.000000000000000000e+00 0.000000000000000000e+00 1.290000000000000036e-01
1.860000000000000000e+04 1.850000000000000000e+04 1.270000000000000018e-01 4.141739999999999782e+02 7.096627000000000407e+03 4.699999999999999734e-01 2.259999999999999961e-06 0.000000000000000000e+00 0.000000000000000000e+00 1.250000000000000000e-01
1.880000000000000000e+04 1.870000000000000000e+04 1.219999999999999973e-01 4.201899999999999977e+02 6.852162000000000262e+03 4.650000000000000244e-01 2.250000000000000057e-06 0.000000000000000000e+00 0.000000000000000000e+00 1.199999999999999956e-01
1.900000000000000000e+04 1.890000000000000000e+04 1.170000000000000068e-01 4.270760000000000218e+02 6.617354999999999563e+03 4.600000000000000200e-01 2.250000000000000057e-06 0.000000000000000000e+00 0.000000000000000000e+00 1.150000000000000050e-01
1.920000000000000000e+04 1.910000000000000000e+04 1.130000000000000032e-01 4.340310000000000059e+02 6.391988999999999578e+03 4.560000000000000164e-01 2.259999999999999961e-06 0.000000000000000000e+00 0.000000000000000000e+00 1.100000000000000006e-01
1.940000000000000000e+04 1.930000000000000000e+04 1.079999999999999988e-01 4.410550000000000068e+02 6.175627000000000407e+03 4.510000000000000120e-01 2.259999999999999961e-06 0.000000000000000000e+00 0.000000000000000000e+00 1.059999999999999970e-01
1.960000000000000000e+04 1.950000000000000000e+04 1.039999999999999952e-01 4.481490000000000009e+02 5.967856999999999971e+03 4.470000000000000084e-01 2.269999999999999866e-06 0.000000000000000000e+00 0.000000000000000000e+00 1.019999999999999934e-01
1.980000000000000000e+04 1.970000000000000000e+04 1.000000000000000056e-01 4.553109999999999786e+02 5.768289999999999964e+03 4.430000000000000049e-01 2.269999999999999866e-06 0.000000000000000000e+00 0.000000000000000000e+00 9.800000000000000377e-02
2.000000000000000000e+04 1.990000000000000000e+04 9.600000000000000200e-02 4.625439999999999827e+02 5.576551999999999680e+03 4.380000000000000004e-01 2.280000000000000193e-06 0.000000000000000000e+00 0.000000000000000000e+00 9.400000000000000022e-02
